[[-0.67818346]
 [-1.50327744]
 [ 0.90186747]
 [-0.5303445 ]
 [-4.16569179]
 [-0.19968477]
 [ 0.85957366]
 [-2.37736751]
 [-0.85777784]
 [-1.46542871]
 [ 1.11121028]
 [-1.92533247]
 [ 0.90410482]
 [-0.9809849 ]
 [-1.2125272 ]
 [ 4.12011901]
 [ 0.50505462]
 [ 0.38800131]
 [ 1.42200344]
 [ 1.5301961 ]
 [ 0.28628593]
 [-5.37987102]
 [-2.95896722]
 [-0.45396636]
 [ 1.22730458]
 [-1.86602115]
 [ 2.64763693]
 [ 2.58744836]
 [ 0.51756017]
 [ 2.38763102]]
[[-7.50223351]
 [-3.34686472]
 [-2.7104199 ]
 [-6.21313403]
 [-0.59651907]
 [-6.59887876]
 [-3.89477366]
 [-5.40702792]
 [-7.18596122]
 [-5.8956123 ]]
